33.68 324
33.72 362
33.76 337
33.8 323
33.84 327
33.88 339
33.92 331
33.96 317
34 326
34.04 322
34.08 315
34.12 323
34.16 343
34.2 322
34.24 327
34.28 318
34.32 313
34.36 309
34.4 329
34.44 327
34.48 347
34.52 319
34.56 317
34.6 331
34.64 324
34.68 325
34.72 347
34.76 332
34.8 331
34.84 321
34.88 333
34.92 330
34.96 326
35 332
35.04 327
35.08 331
35.12 334
35.16 339
35.2 331
35.24 335
35.28 332
35.32 336
35.36 333
35.4 335
35.44 329
35.48 329
35.52 326
35.56 336
35.6 335
35.64 326
35.68 335
35.72 334
35.76 330
35.8 336
35.84 334
35.88 332
35.92 331
35.96 333
36 328
36.04 330
36.08 332
36.12 329
36.16 332
36.2 334
36.24 329
36.28 329
36.32 327
36.36 329
36.4 332
36.44 330
36.48 330
36.52 329
36.56 331
36.6 327
36.64 329
36.68 330
36.72 328
36.76 329
36.8 331
36.84 327
36.88 327
36.92 330
36.96 328
37 330
37.04 329
37.08 331
37.12 330
37.16 329
37.2 329
37.24 331
37.28 329
37.32 327
37.36 331
37.4 327
37.44 327
37.48 331
37.52 326
37.56 328
37.6 327
37.64 329
37.68 327
37.72 326
37.76 326
37.8 328
37.84 327
37.88 328
37.92 328
37.96 328
38 328
38.04 329
38.08 328
38.12 330
38.16 327
38.2 327
38.24 331
38.28 329
38.32 330
38.36 327
38.4 328
38.44 327
38.48 329
38.52 326
38.56 330
38.6 325
38.64 332
38.68 325
38.72 334
38.76 331
38.8 323
38.84 333
38.88 327
38.92 340
38.96 320
39 330
39.04 315
39.08 327
39.12 325
39.16 321
39.2 324
39.24 332
39.28 331
39.32 333
39.36 328
39.4 329
39.44 329
39.48 326
39.52 332
39.56 331
39.6 325
39.64 323
39.68 335
39.72 316
39.76 337
39.8 339
39.84 319
39.88 332
39.92 321
39.96 319
40 324
40.04 351
40.08 309
40.12 336
40.16 338
40.2 330
40.24 362
40.28 351
40.32 325
40.36 337
40.4 328
40.44 348
40.48 301
40.52 330
40.56 326
40.6 336
40.64 339
40.68 349
40.72 337
40.76 330
40.8 333
40.84 321
40.88 340
40.92 336
40.96 326
41 320
41.04 321
41.08 330
41.12 325
41.16 331
41.2 327
41.24 327
41.28 336
41.32 327
41.36 328
41.4 330
41.44 333
41.48 332
41.52 334
41.56 331
41.6 332
41.64 333
41.68 329
41.72 324
41.76 328
41.8 328
41.84 329
41.88 334
41.92 329
41.96 330
42 331
42.04 331
42.08 331
42.12 330﻿
