
25 328
25.04 334
25.08 331
25.12 334
25.16 323
25.2 333
25.24 328
25.28 326
25.32 335
25.36 326
25.4 336
25.44 330
25.48 321
25.52 321
25.56 320
25.6 330
25.64 337
25.68 338
25.72 337
25.76 328
25.8 327
25.84 323
25.88 313
25.92 333
25.96 334
26 329
26.04 338
26.08 325
26.12 340
26.16 325
26.2 323
26.24 328
26.28 331
26.32 322
26.36 329
26.4 326
26.44 334
26.48 347
26.52 331
26.56 326
26.6 358
26.64 313
26.68 322
26.72 319
26.76 315
26.8 349
26.84 329
26.88 345
26.92 327
26.96 323
27 344
27.04 329
27.08 344
27.12 332
27.16 322
27.2 331
27.24 329
27.28 306
27.32 324
27.36 336
27.4 333
27.44 342
27.48 327
27.52 327
27.56 345
27.6 332
27.64 329
27.68 328
27.72 334
27.76 309
27.8 327
27.84 347
27.88 346
27.92 330
27.96 332
28 328
28.04 330
28.08 335
28.12 333
28.16 331
28.2 336
28.24 336
28.28 333
28.32 329
28.36 331
28.4 324
28.44 334
28.48 331
28.52 331
28.56 327
28.6 330
28.64 330
28.68 334
28.72 332
28.76 331
28.8 329
28.84 329
28.88 331
28.92 330
28.96 331
29 329
29.04 328
29.08 329
29.12 330
29.16 330
29.2 328
29.24 329
29.28 330
29.32 329
29.36 330
29.4 331
29.44 328
29.48 329
29.52 329
29.56 327
29.6 327
29.64 328
29.68 326
29.72 326
29.76 327
29.8 329
29.84 329
29.88 330
29.92 327
29.96 329
30 329
30.04 327
30.08 328
30.12 330
30.16 328
30.2 328
30.24 327
30.28 328
30.32 328
30.36 330
30.4 333
30.44 326
30.48 327
30.52 326
30.56 327
30.6 330
30.64 329
30.68 331
30.72 329
30.76 328
30.8 328
30.84 328
30.88 327
30.92 329
30.96 328
31 331
31.04 328
31.08 328
31.12 330
31.16 328
31.2 329
31.24 328
31.28 330
31.32 328
31.36 329
31.4 332
31.44 329
31.48 330
31.52 326
31.56 331
31.6 329
31.64 327
31.68 330
31.72 330
31.76 330
31.8 326
31.84 332
31.88 330
31.92 330
31.96 329
32 327
32.04 330
32.08 324
32.12 322
32.16 328
32.2 329
32.24 315
32.28 336
32.32 321
32.36 323
32.4 327
32.44 327
32.48 328
32.52 326
32.56 336
32.6 329
32.64 328
32.68 326
32.72 326
32.76 326
32.8 330
32.84 329
32.88 333
32.92 325
32.96 328
33 325
33.04 328
33.08 324
33.12 344
33.16 328
33.2 336
33.24 329
33.28 322
33.32 320
33.36 332
33.4 338
33.44 356
33.48 327
33.52 331
33.56 318
33.6 325
