0.04 326
0.08 328
0.12 329
0.16 329
0.2 329
0.24 327
0.28 326
0.32 328
0.36 330
0.4 330
0.44 330
0.48 329
0.52 329
0.56 330
0.6 328
0.64 330
0.68 329
0.72 328
0.76 327
0.8 330
0.84 329
0.88 328
0.92 328
0.96 329
1 330
1.04 330
1.08 327
1.12 327
1.16 329
1.2 328
1.24 330
1.28 332
1.32 328
1.36 328
1.4 329
1.44 329
1.48 329
1.52 327
1.56 329
1.6 328
1.64 326
1.68 328
1.72 331
1.76 327
1.8 328
1.84 329
1.88 329
1.92 329
1.96 327
2 329
2.04 328
2.08 327
2.12 327
2.16 331
2.2 332
2.24 329
2.28 329
2.32 328
2.36 327
2.4 330
2.44 330
2.48 331
2.52 330
2.56 329
2.6 327
2.64 326
2.68 330
2.72 328
2.76 329
2.8 329
2.84 328
2.88 329
2.92 328
2.96 332
3 328
3.04 328
3.08 331
3.12 326
3.16 329
3.2 330
3.24 332
3.28 330
3.32 329
3.36 329
3.4 326
3.44 329
3.48 326
3.52 331
3.56 327
3.6 330
3.64 329
3.68 328
3.72 330
3.76 328
3.8 330
3.84 328
3.88 326
3.92 329
3.96 331
4 327
4.04 330
4.08 330
4.12 329
4.16 327

