4 327
4.04 330
4.08 330
4.12 329
4.16 327
4.2 332
4.24 327
4.28 331
4.32 328
4.36 329
4.4 330
4.44 330
4.48 326
4.52 328
4.56 325
4.6 329
4.64 327
4.68 320
4.72 334
4.76 329
4.8 327
4.84 334
4.88 342
4.92 332
4.96 336
5 329
5.04 335
5.08 329
5.12 324
5.16 317
5.2 321
5.24 346
5.28 328
5.32 337
5.36 326
5.4 326
5.44 323
5.48 333
5.52 327
5.56 349
5.6 311
5.64 313
5.68 308
5.72 348
5.76 341
5.8 337
5.84 341
5.88 322
5.92 347
5.96 317
6 335
6.04 341
6.08 334
6.12 325
6.16 326
6.2 329
6.24 318
6.28 339
6.32 329
6.36 356
6.4 325
6.44 333
6.48 346
6.52 324
6.56 328
6.6 347
6.64 329
6.68 341
6.72 327
6.76 308
6.8 343
6.84 361
6.88 325
6.92 329
6.96 338
7 326
7.04 332
7.08 356
7.12 331
7.16 343
7.2 311
7.24 336
7.28 345
7.32 344
7.36 344
7.4 326
7.44 332
7.48 360
7.52 337
7.56 324
7.6 354
7.64 338
7.68 339
7.72 353
7.76 331
7.8 334
7.84 337
7.88 337
7.92 331
7.96 334
8 342
8.04 351
8.08 339
8.12 336
8.16 341
8.2 337
8.24 348
8.28 342
8.32 341
8.36 342
8.4 341
8.44 336
8.48 339
8.52 338
8.56 335
8.6 354
8.64 331
8.68 333
8.72 320
8.76 330
8.8 329
8.84 332
8.88 330
8.92 326
8.96 326
9.32 328
9.36 326
9.4 322
9.44 327
9.48 324
9.52 326
9.56 323
9.6 322
9.64 322
9.68 325
9.72 323
9.76 324
9.8 322
9.84 320
9.88 327
9.92 326
9.96 323
10 326
10.04 324
10.08 322
10.12 324
10.16 321
10.2 323
10.24 323
10.28 323
10.32 324
10.36 323
10.4 324
10.44 323
10.48 323
10.52 324
10.56 326
10.6 326
10.64 326
10.68 321
10.72 322
10.76 322
10.8 326
10.84 323
10.88 326
10.92 326
10.96 328
11 325
11.04 324
11.08 327
11.12 324
11.16 327
11.2 326
11.24 325
11.28 324
11.32 325
11.36 328
11.4 327
11.44 330
11.48 325
11.52 326
11.56 334
11.6 309
11.64 323
11.68 326
11.72 335
11.76 331
11.8 314
11.84 335
11.88 312
11.92 323
11.96 329
12 326
12.04 332
12.08 321
12.12 335
12.92 338
12.96 357
13 344
13.04 304
13.08 324
13.12 323
13.16 333
13.2 359
13.24 332
13.28 340
13.32 341
13.36 341
13.4 339
13.44 353
13.48 333
13.52 342
13.56 340
13.6 329
13.64 324
13.68 348
13.72 333
13.76 337
13.8 319
13.84 308
13.88 330
13.92 339
13.96 341
14 335
14.04 334
14.08 330
14.12 349
14.16 346
14.2 326
14.24 355
14.28 333
14.32 359
14.36 341
14.4 352
14.44 319
14.48 336
14.52 328
14.56 351
14.6 327
14.64 325
14.68 338
14.72 339
14.76 336
14.8 342
14.84 340
14.88 339
14.92 333
14.96 335
15 351
15.04 336
15.08 341
15.12 334
15.16 336
15.2 340
15.24 342
15.28 334
15.32 339
15.36 330
15.4 331
15.44 333
15.48 337
15.52 328
15.56 330
15.6 322
15.64 330
15.68 330
15.72 330
15.76 325
15.8 328
15.84 330
15.88 330
15.92 328
15.96 328
16 329
16.04 328
16.08 327
16.12 329
16.16 326
16.2 329
16.24 326
16.28 325
16.32 325
16.36 326
16.4 324
16.44 325
16.48 324
16.52 320
16.56 322
16.6 323
16.64 323
16.68 323
16.72 325
16.76 322
16.8 322
16.84 325
16.88 324
16.92 324
16.96 321
17 325
17.04 325
17.08 322
17.12 323
17.16 325
17.2 323
17.24 323
17.28 326
17.32 324
17.36 323
17.4 323
17.44 320
17.48 324
17.52 327
17.56 325
17.6 325
17.64 323
17.68 325
17.72 326
17.76 322
17.8 323
17.84 325
17.88 323
17.92 327
17.96 322
18 323
18.04 325
18.08 327
18.12 324
18.16 326
18.2 324
18.24 325
18.28 325
18.32 326
18.36 328
18.4 325
18.44 325
18.48 325
18.52 317
18.56 331
18.6 329
18.64 325
18.68 320
18.72 323
18.76 316
18.8 312
18.84 323
18.88 340
18.92 333
18.96 331
19 319
19.04 322
19.08 329
19.12 324
19.16 330
19.2 333
19.24 328
19.28 332
19.32 332
19.36 331
19.4 336
19.44 319
19.48 351
19.52 333
19.56 330
19.6 309
19.64 334
19.68 32
