0.04 326
0.08 328
0.12 329
0.16 329
0.2 329
0.24 327
0.28 326
0.32 328
0.36 330
0.4 330
0.44 330
0.48 329
0.52 329
0.56 330
0.6 328
0.64 330
0.68 329
0.72 328
0.76 327
0.8 330
0.84 329
0.88 328
0.92 328
0.96 329
1 330
1.04 330
1.08 327
1.12 327
1.16 329
1.2 328
1.24 330
1.28 332
1.32 328
1.36 328
1.4 329
1.44 329
1.48 329
1.52 327
1.56 329
1.6 328
1.64 326
1.68 328
1.72 331
1.76 327
1.8 328
1.84 329
1.88 329
1.92 329
1.96 327
2 329
2.04 328
2.08 327
2.12 327
2.16 331
2.2 332
2.24 329
2.28 329
2.32 328
2.36 327
2.4 330
2.44 330
2.48 331
2.52 330
2.56 329
2.6 327
2.64 326
2.68 330
2.72 328
2.76 329
2.8 329
2.84 328
2.88 329
2.92 328
2.96 332
3 328
3.04 328
3.08 331
3.12 326
3.16 329
3.2 330
3.24 332
3.28 330
3.32 329
3.36 329
3.4 326
3.44 329
3.48 326
3.52 331
3.56 327
3.6 330
3.64 329
3.68 328
3.72 330
3.76 328
3.8 330
3.84 328
3.88 326
3.92 329
3.96 331
4 327
4.04 330
4.08 330
4.12 329
4.16 327
4.56 325
4.6 329
4.64 327
4.68 320
4.72 334
4.76 329
4.8 327
4.84 334
4.88 342
4.92 332
4.96 336
5 329
5.04 335
5.08 329
5.12 324
5.16 317
5.2 321
5.24 346
5.28 328
5.32 337
5.36 326
5.4 326
5.44 323
5.48 333
5.52 327
5.56 349
5.6 311
5.64 313
5.68 308
5.72 348
5.76 341
5.8 337
5.84 341
5.88 322
5.92 347
5.96 317
6 335
6.04 341
6.08 334
6.12 325
6.16 326
6.2 329
6.24 318
6.28 339
6.32 329
6.36 356
6.4 325
6.44 333
6.48 346
6.52 324
6.56 328
6.6 347
6.64 329
6.68 341
6.72 327
6.76 308
6.8 343
6.84 361
6.88 325
6.92 329
6.96 338
7 326
7.04 332
7.08 356
7.12 331
7.16 343
7.2 311
7.24 336
7.28 345
7.32 344
7.36 344
7.4 326
7.44 332
7.48 360
7.52 337
7.56 324
7.6 354
7.64 338
7.68 339
7.72 353
7.76 331
7.8 334
7.84 337
7.88 337
7.92 331
7.96 334
8 342
8.04 351
8.08 339
8.12 336
8.16 341
8.2 337
8.24 348
8.28 342
8.32 341
8.36 342
8.4 341
8.44 336
8.48 339
